Sun 1989100
0 0 0 0 0 0 0
0 0 0 0 0 0 0
Mercury 0.3302
09 50 21.78 +20 29 36.9 0.34131918067877
09 51 13.28 +20 25 08.1 0.34153917390103
Venus 4.8685
14 03 45.93 -10 02 50.1 0.72248635010511
14 04 01.01 -10 04 21.9 0.72249196479220
Earth 5.9736
20 27 49.81 -19 06 06.4 1.01543065686767
20 27 59.63 -19 05 32.1 1.01542607392531
Mars 0.64185
16 30 56.86 -22 30 17.0 1.50239223947301
16 31 02.57 -22 30 31.5 1.50233777328845
Jupiter 1898.13
07 19 41.95 +22 21 10.6 5.20492356017445
07 19 42.84 +22 21 09.2 5.20493891742476
Saturn 568.319
05 24 44.57 +21 53 03.2 9.04042560275437
05 24 44.97 +21 53 03.8 9.04042310483830
Uranus 86.8103
14 35 20.66 -14 46 10.3 18.5777706041886
14 35 20.79 -14 46 10.9 18.5777768081753
Neptune 102.41
05 16 48.40 +21 40 21.5 29.8666820919148
05 16 48.47 +21 40 21.6 29.8666826421156
Moon 0.07349
20 27 21.82 -19 08 27.8 1.01716365597225
20 27 31.84 -19 07 53.1 1.01717521811500
Halley 0.00000000022
20 26 36.76 -01 44 10.7 0.59299494202859
20 26 08.43 -01 46 51.0 0.59297114257254
