Sun 1989100
0 0 0 0 0 0 0
0 0 0 0 0 0 0
Mercury 0.3302
13 55 45.09 -09 31 07.8 0.43078797776231
13 56 14.28 -09 34 48.2 0.43096572033585
Venus 4.8685
04 01 22.25 +19 46 46.6 0.72156509012005
04 01 38.80 +19 47 47.6 0.72155976583995
Earth 5.9736
09 27 55.28 +14 57 05.8 0.98645032171842
09 28 05.23 +14 56 18.2 0.98645771162869
Mars 0.64185
22 06 09.94 -13 37 20.8 1.38243978951849
22 06 16.04 -13 36 47.0 1.38243290591922
Jupiter 1898.13
18 03 22.98 -23 13 02.3 5.25585231260488
18 03 23.87 -23 13 02.5 5.25583763396093
Saturn 568.319
23 49 49.47 -03 30 28.9 9.56634378266176
23 49 49.78 -03 30 27.0 9.56633168273255
Uranus 86.8103
20 12 33.23 -20 31 46.0 19.7518041192497
20 12 33.35 -20 31 45.6 19.7518101223769
Neptune 102.41
19 49 16.17 -20 33 38.0 30.1644937399003
19 49 16.23 -20 33 37.9 30.1644927392887
Moon 0.07349
09 28 22.06 +14 54 48.6 0.98815943381137
09 28 32.21 +14 54 00.5 0.98814933336681
Halley 0.00000000022
09 02 39.41 -01 24 55.2 21.4286369528830
09 02 39.39 -01 24 55.0 21.4287706398058
