Sun 1989100
0 0 0 0 0 0 0
0 0 0 0 0 0 0
Mercury 0.3302
23 04 21.44 -12 54 17.6 0.37804352352031
23 05 00.27 -12 49 44.2 0.37780250433095
Venus 4.8685
22 19 31.82 -13 56 32.1 0.72795716311173
22 19 47.10 -13 55 09.9 0.72795517818969
Earth 5.9736
09 30 09.41 +14 46 24.9 0.98661160867293
09 30 19.35 +14 45 36.9 0.98661886908592
Mars 0.64185
13 43 09.18 -09 56 07.9 1.60362747648774
13 43 13.59 -09 56 35.2 1.60358488269560
Jupiter 1898.13
22 05 14.72 -12 47 50.7 5.02523075184263
22 05 15.58 -12 47 46.3 5.02521970862464
Saturn 568.319
16 06 38.28 -18 56 09.6 9.97715754084387
16 06 38.60 -18 56 10.6 9.97716336776170
Uranus 86.8103
17 12 38.81 -23 03 41.9 19.1251376263951
17 12 38.94 -23 03 42.1 19.1251451249548
Neptune 102.41
18 16 26.85 -22 17 44.3 30.2479217137982
18 16 26.91 -22 17 44.3 30.2479206526158
Moon 0.07349
09 30 08.79 +14 45 41.2 0.98410028961227
09 30 18.41 +14 44 54.8 0.98410630986578
Halley 0.00000000022
20 22 48.84 -02 18 34.5 0.58719229549790
20 22 20.02 -02 21 15.2 0.58717704347122
